http://colinlmiller.com/fractals/gallery.htm

(first real, then imaginary)

1
-1.985540371654130485531439267191269851811165434636382820704394766801377
0.000000000000000000000000000001565120217211466101983496092509512479178

2
-1.257368028466541028848015443311845631781836978663072281140249031956410402494751180
0.378730831028625370052982615184932400328597164069352539853482366028096283069779030622959

3
-1.257368028466528392653831593847736541668367138571260008969127533756885598
0.378730831028624911512570523922421069325321933275341736056491419464117796

4
-1.257368028466541028848015443311845631781837148513356786464107786484822371402378
0.378730831028625370052982615184932400328599701380654066661887831957628866315918

5
-1.77810334274064037110522326038852639499207961414628307584575173232969154440
0.00767394242121339392672671947893471774958985018535019684946671264012302378

6
-1.428683445072090832353674565178269445464052721644530301888402828586790
0.162497141672790506229031192330028576683583619460765448421149189700302

7
-1.7497219297423385717104386951868287166821567562234308144552652007051737509332
-0.0000290166477536876274764422704374969315895481370276256407423549503316886795

8
-1.296354375872896773478004297428416260072489101786337730072381292414312804746061616981
+0.441851555662290985267058944632025264139796731360946617298045190761330610081417463145

9
0.3585614710926859372
0.3229491840959411351

10
-0.750045367143
0.004786271734

11
-1.29518908214777745701706417718568192670656645993
0.44093698267832013888090367835626261211321462496

12
-1.29635247872183110978411645916400696636
0.44185116169971790575215742411090428993

13
-1.7781033419436223953212641452891284161784204958140555169118360046391611563046881704700
0.0076739428404577432717540187351334993555245860982476470369398835483541291756678276058

14
-1.257368028466541028848015443311845631781836978663072281140249031956410
0.378730831028625370052982615184932400328597164069352539853482366028096

http://www.cuug.ab.ca/dewara/mandelbrot/images.html

1
-0.745428
0.113009

2
-0.235125
0.827215

3
-0.156653458
1.039128122

4
-0.15680460
1.03902070

5
-0.16070135
1.0375665

6
0.2549870375144766
-0.0005679790528465

7
0.267235642726
-0.003347589624

8
-0.0452407411
0.986816213

9
-0.0452407411
0.9868162204352258

10
-0.0452407411
0.9868162204352258

11
0.281717921930775
0.5771052841488505

12
0.3369844464873
0.0487782196791